{
    "length": 166.26666666666668,
    "str_em": 0,
    "str_hit": 0,
    "rougeLsum": 21.812677921737055,
    "citation_rec": 34.33826358826358,
    "citation_prec": 43.098142598142594,
    "claims_nli": 22.22222222222222
}