{
    "length": 151.36666666666667,
    "str_em": 0,
    "str_hit": 0,
    "rougeLsum": 23.11449586423186,
    "citation_rec": 25.36141636141636,
    "citation_prec": 25.696479446479447,
    "claims_nli": 16.666666666666664
}