{
    "length": 101.6,
    "str_em": 0,
    "str_hit": 0,
    "rougeLsum": 22.126553349924293,
    "citation_rec": 36.3531746031746,
    "citation_prec": 36.52513227513227,
    "claims_nli": 13.333333333333334
}