{
    "length": 76.53333333333333,
    "str_em": 0,
    "str_hit": 0,
    "rougeLsum": 19.26947656017616,
    "citation_rec": 35.59788359788361,
    "citation_prec": 45.6343193843194,
    "claims_nli": 10.0
}