{
    "length": 155.06666666666666,
    "str_em": 0,
    "str_hit": 0,
    "rougeLsum": 21.28312702584883,
    "citation_rec": 27.014430014430012,
    "citation_prec": 37.18605468605469,
    "claims_nli": 10.0
}