{
    "length": 153.46666666666667,
    "str_em": 0,
    "str_hit": 0,
    "rougeLsum": 18.744600327748735,
    "citation_rec": 33.68710918710918,
    "citation_prec": 42.22486772486773,
    "claims_nli": 13.333333333333334
}