{
    "length": 145.66666666666666,
    "str_em": 0,
    "str_hit": 0,
    "rougeLsum": 20.93509666909817,
    "citation_rec": 24.021164021164022,
    "citation_prec": 30.228132978132976,
    "claims_nli": 8.888888888888888
}