{
    "length": 153.26666666666668,
    "str_em": 0,
    "str_hit": 0,
    "rougeLsum": 22.746156982997633,
    "citation_rec": 33.001443001443,
    "citation_prec": 42.29108391608392,
    "claims_nli": 13.333333333333334
}