{
    "length": 91.96666666666667,
    "str_em": 0,
    "str_hit": 0,
    "rougeLsum": 20.375318867390003,
    "citation_rec": 45.95959595959596,
    "citation_prec": 49.00793650793652,
    "claims_nli": 18.888888888888893
}