{
    "length": 154.13333333333333,
    "str_em": 0,
    "str_hit": 0,
    "rougeLsum": 23.103094534119933,
    "citation_rec": 36.23704073704073,
    "citation_prec": 41.31138507225464,
    "claims_nli": 11.11111111111111
}