{
    "length": 105.33333333333333,
    "str_em": 0,
    "str_hit": 0,
    "rougeLsum": 23.304061880049623,
    "citation_rec": 43.993746993746996,
    "citation_prec": 48.968253968253975,
    "claims_nli": 12.22222222222222
}