{
    "length": 135.2,
    "str_em": 0,
    "str_hit": 0,
    "rougeLsum": 19.876794554205713,
    "citation_rec": 31.471741221741222,
    "citation_prec": 42.592592592592595,
    "claims_nli": 12.222222222222221
}