{
    "length": 161.5,
    "str_em": 0,
    "str_hit": 0,
    "rougeLsum": 21.42161004972747,
    "citation_rec": 28.69456469456469,
    "citation_prec": 39.878911828911825,
    "claims_nli": 14.444444444444443
}