{
    "length": 127.86666666666666,
    "str_em": 0,
    "str_hit": 0,
    "rougeLsum": 22.7965795341882,
    "citation_rec": 34.74981962481964,
    "citation_prec": 45.77922077922078,
    "claims_nli": 21.11111111111111
}