{
    "length": 140.16666666666666,
    "str_em": 0,
    "str_hit": 0,
    "rougeLsum": 19.91648469660922,
    "citation_rec": 23.497224997224997,
    "citation_prec": 32.36949161949162,
    "claims_nli": 13.333333333333334
}