{
    "length": 103.0,
    "str_em": 0,
    "str_hit": 0,
    "rougeLsum": 20.464469283421906,
    "citation_rec": 39.10113035113035,
    "citation_prec": 44.913179413179414,
    "claims_nli": 22.22222222222222
}