{
    "length": 163.5,
    "str_em": 0,
    "str_hit": 0,
    "rougeLsum": 20.56950608564486,
    "citation_rec": 31.97426647426648,
    "citation_prec": 41.40939153439154,
    "claims_nli": 10.0
}