{
    "length": 143.6,
    "str_em": 0,
    "str_hit": 0,
    "rougeLsum": 22.19108154307267,
    "citation_rec": 34.68915343915345,
    "citation_prec": 34.2974802974803,
    "claims_nli": 14.444444444444443
}