{
    "length": 145.03333333333333,
    "str_em": 0,
    "str_hit": 0,
    "rougeLsum": 23.07671822722884,
    "citation_rec": 28.581168831168828,
    "citation_prec": 32.488081091022266,
    "claims_nli": 14.444444444444446
}