{
    "length": 97.33333333333333,
    "str_em": 0,
    "str_hit": 0,
    "rougeLsum": 21.204953476074103,
    "citation_rec": 46.08068783068783,
    "citation_prec": 54.4239417989418,
    "claims_nli": 13.333333333333334
}