{
    "length": 115.2,
    "str_em": 0,
    "str_hit": 0,
    "rougeLsum": 19.76269843266803,
    "citation_rec": 18.488095238095237,
    "citation_prec": 28.690476190476193,
    "claims_nli": 10.0
}