{
    "length": 142.36666666666667,
    "str_em": 0,
    "str_hit": 0,
    "rougeLsum": 17.899358171046163,
    "citation_rec": 27.800024050024053,
    "citation_prec": 37.176166426166425,
    "claims_nli": 10.0
}