{
    "length": 128.2,
    "str_em": 0,
    "str_hit": 0,
    "rougeLsum": 21.963320182700258,
    "citation_rec": 30.323260073260073,
    "citation_prec": 34.38564213564214,
    "claims_nli": 12.222222222222221
}