{
    "length": 132.66666666666666,
    "str_em": 0,
    "str_hit": 0,
    "rougeLsum": 22.287409092174336,
    "citation_rec": 32.22853997853999,
    "citation_prec": 45.8457190957191,
    "claims_nli": 14.444444444444443
}