{
    "length": 128.6,
    "str_em": 0,
    "str_hit": 0,
    "rougeLsum": 23.06184328314893,
    "citation_rec": 40.89484126984127,
    "citation_prec": 43.01765826765828,
    "claims_nli": 12.222222222222221
}