{
    "length": 131.33333333333334,
    "str_em": 0,
    "str_hit": 0,
    "rougeLsum": 20.833741712521554,
    "citation_rec": 27.635022385022385,
    "citation_prec": 39.5818054494525,
    "claims_nli": 17.777777777777775
}