{
    "length": 80.06666666666666,
    "str_em": 0,
    "str_hit": 0,
    "rougeLsum": 20.004678458554505,
    "citation_rec": 29.888888888888886,
    "citation_prec": 32.37301587301587,
    "claims_nli": 13.333333333333334
}