{
    "length": 113.83333333333333,
    "str_em": 0,
    "str_hit": 0,
    "rougeLsum": 20.537303348320577,
    "citation_rec": 30.44169719169719,
    "citation_prec": 44.00396825396825,
    "claims_nli": 15.555555555555554
}