{
    "length": 143.36666666666667,
    "str_em": 0,
    "str_hit": 0,
    "rougeLsum": 22.848809219453702,
    "citation_rec": 35.93579568579568,
    "citation_prec": 38.117502867502864,
    "claims_nli": 15.555555555555554
}