{
    "length": 159.96666666666667,
    "str_em": 0,
    "str_hit": 0,
    "rougeLsum": 21.49614153639307,
    "citation_rec": 31.00880919846437,
    "citation_prec": 37.78929882378158,
    "claims_nli": 12.22222222222222
}