{
    "length": 150.9,
    "str_em": 0,
    "str_hit": 0,
    "rougeLsum": 22.48106529733823,
    "citation_rec": 34.162578162578164,
    "citation_prec": 47.71173271173271,
    "claims_nli": 14.444444444444443
}