{
    "length": 162.83333333333334,
    "str_em": 0,
    "str_hit": 0,
    "rougeLsum": 22.762149755173983,
    "citation_rec": 24.106451032652405,
    "citation_prec": 26.066535316535315,
    "claims_nli": 15.555555555555554
}