{
    "length": 143.33333333333334,
    "str_em": 0,
    "str_hit": 0,
    "rougeLsum": 23.5094319639342,
    "citation_rec": 35.59391534391534,
    "citation_prec": 35.998556998557,
    "claims_nli": 15.555555555555555
}