{
    "length": 173.83333333333334,
    "str_em": 0,
    "str_hit": 0,
    "rougeLsum": 22.215689471375832,
    "citation_rec": 27.86339586339587,
    "citation_prec": 32.39629814629815,
    "claims_nli": 11.11111111111111
}