{
    "length": 158.7,
    "str_em": 0,
    "str_hit": 0,
    "rougeLsum": 19.881872148931684,
    "citation_rec": 21.402310652310653,
    "citation_prec": 27.003367003367,
    "claims_nli": 13.333333333333334
}