{
    "length": 168.13333333333333,
    "str_em": 0,
    "str_hit": 0,
    "rougeLsum": 21.737296887763076,
    "citation_rec": 25.470772891825522,
    "citation_prec": 33.35894660894661,
    "claims_nli": 13.333333333333334
}