{
    "length": 144.2,
    "str_em": 0,
    "str_hit": 0,
    "rougeLsum": 22.605128744499385,
    "citation_rec": 31.64682539682539,
    "citation_prec": 29.050727050727048,
    "claims_nli": 13.333333333333334
}