{
    "length": 117.33333333333333,
    "str_em": 0,
    "str_hit": 0,
    "rougeLsum": 20.86131478396493,
    "citation_rec": 34.66955266955267,
    "citation_prec": 36.73015873015873,
    "claims_nli": 10.0
}